# qaoa_grid_history v1
# matrix points live on interior intersections of a padded lattice (padding=1, lattice_rows=7, lattice_cols=4)
grid_history_v1
5 2 58
COVERAGE	auto_liability_basic
COVERAGE	auto_liability_enhanced
COVERAGE	homeowners
COVERAGE	condo_owners
COVERAGE	renters
PACKAGE	Young Driver Budget
PACKAGE	Young Family Starter
COEFFS
171.78670080000003 152.889606144
102.61060992000003 133.42662144000002
162.61517999999998 223.19907999999998
43.230620160000008 46.454325120000007
27.069419520000004 24.218050559999998
FRAME 0 -1 nan nan 0 0
NOTE	Initial white x(i,m) grid
0 0
0 0
0 0
0 0
0 0
CHANGE
0 0
0 0
0 0
0 0
0 0
FRAME 1 0 6581.5422213206193 206.90369231999648 308.45641008000001 1
NOTE	Young Driver Budget eval 1
0 0
1 0
1 0
1 0
0 0
CHANGE
0 0
1 0
1 0
1 0
0 0
FRAME 2 0 4168.6400122087525 -334.40188080000371 334.40188080000001 1
NOTE	Young Driver Budget eval 2
1 0
0 0
1 0
0 0
0 0
CHANGE
1 0
1 0
0 0
1 0
0 0
FRAME 3 0 3901.7473897349983 -198.85612032000063 198.85612032000003 1
NOTE	Young Driver Budget eval 3
1 0
0 0
0 0
0 0
1 0
CHANGE
0 0
0 0
1 0
0 0
1 0
FRAME 4 0 3901.7473897349983 -198.85612032000063 198.85612032000003 0
NOTE	Young Driver Budget eval 4
1 0
0 0
0 0
0 0
1 0
CHANGE
0 0
0 0
0 0
0 0
0 0
FRAME 5 0 3901.7473897349983 -198.85612032000063 198.85612032000003 0
NOTE	Young Driver Budget eval 5
1 0
0 0
0 0
0 0
1 0
CHANGE
0 0
0 0
0 0
0 0
0 0
FRAME 6 0 3901.7473897349983 -198.85612032000063 198.85612032000003 0
NOTE	Young Driver Budget eval 6
1 0
0 0
0 0
0 0
1 0
CHANGE
0 0
0 0
0 0
0 0
0 0
FRAME 7 0 3901.7473897349983 -198.85612032000063 198.85612032000003 0
NOTE	Young Driver Budget eval 7
1 0
0 0
0 0
0 0
1 0
CHANGE
0 0
0 0
0 0
0 0
0 0
FRAME 8 0 3715.0651399874973 -215.01732096000342 215.01732096000003 1
NOTE	Young Driver Budget eval 8
1 0
0 0
0 0
1 0
0 0
CHANGE
0 0
0 0
0 0
1 0
1 0
FRAME 9 0 3507.5907540374965 -198.85612032000063 198.85612032000003 1
NOTE	Young Driver Budget eval 9
1 0
0 0
0 0
0 0
1 0
CHANGE
0 0
0 0
0 0
1 0
1 0
FRAME 10 0 3279.9999606562478 -334.40188080000371 334.40188080000001 1
NOTE	Young Driver Budget eval 10
1 0
0 0
1 0
0 0
0 0
CHANGE
0 0
0 0
1 0
0 0
1 0
FRAME 11 0 3279.9999606562478 -334.40188080000371 334.40188080000001 0
NOTE	Young Driver Budget eval 11
1 0
0 0
1 0
0 0
0 0
CHANGE
0 0
0 0
0 0
0 0
0 0
FRAME 12 0 3279.9999606562478 -334.40188080000371 334.40188080000001 0
NOTE	Young Driver Budget eval 12
1 0
0 0
1 0
0 0
0 0
CHANGE
0 0
0 0
0 0
0 0
0 0
FRAME 13 0 3279.9999606562478 -334.40188080000371 334.40188080000001 0
NOTE	Young Driver Budget eval 13
1 0
0 0
1 0
0 0
0 0
CHANGE
0 0
0 0
0 0
0 0
0 0
FRAME 14 0 3279.9999606562478 -334.40188080000371 334.40188080000001 0
NOTE	Young Driver Budget eval 14
1 0
0 0
1 0
0 0
0 0
CHANGE
0 0
0 0
0 0
0 0
0 0
FRAME 15 0 3279.9999606562478 -334.40188080000371 334.40188080000001 0
NOTE	Young Driver Budget eval 15
1 0
0 0
1 0
0 0
0 0
CHANGE
0 0
0 0
0 0
0 0
0 0
FRAME 16 0 3279.9999606562478 -334.40188080000371 334.40188080000001 0
NOTE	Young Driver Budget eval 16
1 0
0 0
1 0
0 0
0 0
CHANGE
0 0
0 0
0 0
0 0
0 0
FRAME 17 0 3279.9999606562478 -334.40188080000371 334.40188080000001 0
NOTE	Young Driver Budget eval 17
1 0
0 0
1 0
0 0
0 0
CHANGE
0 0
0 0
0 0
0 0
0 0
FRAME 18 0 3279.9999606562478 -334.40188080000371 334.40188080000001 0
NOTE	Young Driver Budget eval 18
1 0
0 0
1 0
0 0
0 0
CHANGE
0 0
0 0
0 0
0 0
0 0
FRAME 19 0 3279.9999606562478 -334.40188080000371 334.40188080000001 0
NOTE	Young Driver Budget eval 19
1 0
0 0
1 0
0 0
0 0
CHANGE
0 0
0 0
0 0
0 0
0 0
FRAME 20 0 3279.9999606562478 -334.40188080000371 334.40188080000001 0
NOTE	Young Driver Budget eval 20
1 0
0 0
1 0
0 0
0 0
CHANGE
0 0
0 0
0 0
0 0
0 0
FRAME 21 0 3279.9999606562478 -334.40188080000371 334.40188080000001 0
NOTE	Young Driver Budget eval 21
1 0
0 0
1 0
0 0
0 0
CHANGE
0 0
0 0
0 0
0 0
0 0
FRAME 22 0 3279.9999606562478 -334.40188080000371 334.40188080000001 0
NOTE	Young Driver Budget eval 22
1 0
0 0
1 0
0 0
0 0
CHANGE
0 0
0 0
0 0
0 0
0 0
FRAME 23 0 3279.9999606562478 -334.40188080000371 334.40188080000001 0
NOTE	Young Driver Budget eval 23
1 0
0 0
1 0
0 0
0 0
CHANGE
0 0
0 0
0 0
0 0
0 0
FRAME 24 0 3279.9999606562478 -334.40188080000371 334.40188080000001 0
NOTE	Young Driver Budget eval 24
1 0
0 0
1 0
0 0
0 0
CHANGE
0 0
0 0
0 0
0 0
0 0
FRAME 25 0 3279.9999606562478 -334.40188080000371 334.40188080000001 0
NOTE	Young Driver Budget eval 25
1 0
0 0
1 0
0 0
0 0
CHANGE
0 0
0 0
0 0
0 0
0 0
FRAME 26 0 3180.5510382749962 -334.40188080000371 334.40188080000001 1
NOTE	Young Driver Budget eval 26
1 0
0 0
1 0
0 0
0 0
CHANGE
0 0
0 0
0 0
0 0
0 0
FRAME 27 0 3180.5510382749962 -334.40188080000371 334.40188080000001 0
NOTE	Young Driver Budget eval 27
1 0
0 0
1 0
0 0
0 0
CHANGE
0 0
0 0
0 0
0 0
0 0
FRAME 28 0 3180.5510382749962 -334.40188080000371 334.40188080000001 0
NOTE	Young Driver Budget eval 28
1 0
0 0
1 0
0 0
0 0
CHANGE
0 0
0 0
0 0
0 0
0 0
FRAME 29 0 3180.5510382749962 -334.40188080000371 334.40188080000001 0
NOTE	Young Driver Budget eval 29
1 0
0 0
1 0
0 0
0 0
CHANGE
0 0
0 0
0 0
0 0
0 0
FRAME 30 1 6098.4579161537486 -179.88094656000612 514.28282736000006 1
NOTE	Young Family Starter eval 1
1 0
0 1
1 0
0 1
0 0
CHANGE
0 0
0 1
0 0
0 1
0 0
FRAME 31 1 5471.7857166510021 -356.62570144000347 691.02758224000002 1
NOTE	Young Family Starter eval 2
1 0
0 1
1 1
0 0
0 0
CHANGE
0 0
0 0
0 1
0 1
0 0
FRAME 32 1 4807.8804280847462 -376.08868614400126 710.49056694399997 1
NOTE	Young Family Starter eval 3
1 1
0 0
1 1
0 0
0 0
CHANGE
0 1
0 1
0 0
0 0
0 0
FRAME 33 1 4807.8804280847462 -376.08868614400126 710.49056694399997 0
NOTE	Young Family Starter eval 4
1 1
0 0
1 1
0 0
0 0
CHANGE
0 0
0 0
0 0
0 0
0 0
FRAME 34 1 4807.8804280847462 -376.08868614400126 710.49056694399997 0
NOTE	Young Family Starter eval 5
1 1
0 0
1 1
0 0
0 0
CHANGE
0 0
0 0
0 0
0 0
0 0
FRAME 35 1 4807.8804280847462 -376.08868614400126 710.49056694399997 0
NOTE	Young Family Starter eval 6
1 1
0 0
1 1
0 0
0 0
CHANGE
0 0
0 0
0 0
0 0
0 0
FRAME 36 1 4807.8804280847462 -376.08868614400126 710.49056694399997 0
NOTE	Young Family Starter eval 7
1 1
0 0
1 1
0 0
0 0
CHANGE
0 0
0 0
0 0
0 0
0 0
FRAME 37 1 4609.6873879152463 -376.08868614400126 710.49056694399997 1
NOTE	Young Family Starter eval 8
1 1
0 0
1 1
0 0
0 0
CHANGE
0 0
0 0
0 0
0 0
0 0
FRAME 38 1 3874.7796609794968 -199.34393126400391 533.74581206400001 1
NOTE	Young Family Starter eval 9
1 1
0 0
1 0
0 1
0 0
CHANGE
0 0
0 0
0 1
0 1
0 0
FRAME 39 1 3874.7796609794968 -199.34393126400391 533.74581206400001 0
NOTE	Young Family Starter eval 10
1 1
0 0
1 0
0 1
0 0
CHANGE
0 0
0 0
0 0
0 0
0 0
FRAME 40 1 3874.7796609794968 -199.34393126400391 533.74581206400001 0
NOTE	Young Family Starter eval 11
1 1
0 0
1 0
0 1
0 0
CHANGE
0 0
0 0
0 0
0 0
0 0
FRAME 41 1 3874.7796609794968 -199.34393126400391 533.74581206400001 0
NOTE	Young Family Starter eval 12
1 1
0 0
1 0
0 1
0 0
CHANGE
0 0
0 0
0 0
0 0
0 0
FRAME 42 1 3874.7796609794968 -199.34393126400391 533.74581206400001 0
NOTE	Young Family Starter eval 13
1 1
0 0
1 0
0 1
0 0
CHANGE
0 0
0 0
0 0
0 0
0 0
FRAME 43 1 3874.7796609794968 -199.34393126400391 533.74581206400001 0
NOTE	Young Family Starter eval 14
1 1
0 0
1 0
0 1
0 0
CHANGE
0 0
0 0
0 0
0 0
0 0
FRAME 44 1 3874.7796609794968 -199.34393126400391 533.74581206400001 0
NOTE	Young Family Starter eval 15
1 1
0 0
1 0
0 1
0 0
CHANGE
0 0
0 0
0 0
0 0
0 0
FRAME 45 1 3874.7796609794968 -199.34393126400391 533.74581206400001 0
NOTE	Young Family Starter eval 16
1 1
0 0
1 0
0 1
0 0
CHANGE
0 0
0 0
0 0
0 0
0 0
FRAME 46 1 3874.7796609794968 -199.34393126400391 533.74581206400001 0
NOTE	Young Family Starter eval 17
1 1
0 0
1 0
0 1
0 0
CHANGE
0 0
0 0
0 0
0 0
0 0
FRAME 47 1 3874.7796609794968 -199.34393126400391 533.74581206400001 0
NOTE	Young Family Starter eval 18
1 1
0 0
1 0
0 1
0 0
CHANGE
0 0
0 0
0 0
0 0
0 0
FRAME 48 1 3874.7796609794968 -199.34393126400391 533.74581206400001 0
NOTE	Young Family Starter eval 19
1 1
0 0
1 0
0 1
0 0
CHANGE
0 0
0 0
0 0
0 0
0 0
FRAME 49 1 3874.7796609794968 -199.34393126400391 533.74581206400001 0
NOTE	Young Family Starter eval 20
1 1
0 0
1 0
0 1
0 0
CHANGE
0 0
0 0
0 0
0 0
0 0
FRAME 50 1 3874.7796609794968 -199.34393126400391 533.74581206400001 0
NOTE	Young Family Starter eval 21
1 1
0 0
1 0
0 1
0 0
CHANGE
0 0
0 0
0 0
0 0
0 0
FRAME 51 1 3874.7796609794968 -199.34393126400391 533.74581206400001 0
NOTE	Young Family Starter eval 22
1 1
0 0
1 0
0 1
0 0
CHANGE
0 0
0 0
0 0
0 0
0 0
FRAME 52 1 3874.7796609794968 -199.34393126400391 533.74581206400001 0
NOTE	Young Family Starter eval 23
1 1
0 0
1 0
0 1
0 0
CHANGE
0 0
0 0
0 0
0 0
0 0
FRAME 53 1 3874.7796609794968 -199.34393126400391 533.74581206400001 0
NOTE	Young Family Starter eval 24
1 1
0 0
1 0
0 1
0 0
CHANGE
0 0
0 0
0 0
0 0
0 0
FRAME 54 1 3874.7796609794968 -199.34393126400391 533.74581206400001 0
NOTE	Young Family Starter eval 25
1 1
0 0
1 0
0 1
0 0
CHANGE
0 0
0 0
0 0
0 0
0 0
FRAME 55 1 3874.7796609794968 -199.34393126400391 533.74581206400001 0
NOTE	Young Family Starter eval 26
1 1
0 0
1 0
0 1
0 0
CHANGE
0 0
0 0
0 0
0 0
0 0
FRAME 56 1 3874.7796609794968 -199.34393126400391 533.74581206400001 0
NOTE	Young Family Starter eval 27
1 1
0 0
1 0
0 1
0 0
CHANGE
0 0
0 0
0 0
0 0
0 0
FRAME 57 1 3874.7796609794968 -199.34393126400391 533.74581206400001 0
NOTE	Young Family Starter eval 28
1 1
0 0
1 0
0 1
0 0
CHANGE
0 0
0 0
0 0
0 0
0 0
